Designation: 01-Thomas
Outcome: Succesful, 100%
Initial Population Size: 10,000
Generational Iterations: 1,000,000

Raw Chromosome: [0, 0, 0, 0, 0, 0, 0, 0, 0, 0, 0, 0, 0, 0, 0, 0, 0, 0, 0, 0, 0, 0, 1, 1, 0, 0, 1, 1, 0, 0, 0, 0, 1, 1, 0, 0, 1, 1, 0, 0, 0, 0, 0, 0, 0, 0, 0, 0, 0, 0, 0, 0, 0, 0, 1, 1, 0, 0, 0, 0, 0, 1, 0, 0, 1, 1, 0, 0, 1, 0, 0, 1, 1, 0, 0, 0, 0, 1, 1, 0, 0, 0, 1, 1, 1, 1, 1, 1, 0, 0, 0, 0, 0, 0, 1, 1, 0, 0, 0, 0]

Formatted Chromosome:
[0, 0, 0, 0, 0, 0, 0, 0, 0, 0, 
 0, 0, 0, 0, 0, 0, 0, 0, 0, 0, 
 0, 0, 1, 1, 0, 0, 1, 1, 0, 0, 
 0, 0, 1, 1, 0, 0, 1, 1, 0, 0, 
 0, 0, 0, 0, 0, 0, 0, 0, 0, 0, 
 0, 0, 0, 0, 1, 1, 0, 0, 0, 0, 
 0, 1, 0, 0, 1, 1, 0, 0, 1, 0, 
 0, 1, 1, 0, 0, 0, 0, 1, 1, 0, 
 0, 0, 1, 1, 1, 1, 1, 1, 0, 0, 
 0, 0, 0, 0, 1, 1, 0, 0, 0, 0]

Cleaned Chromosome:
                               
                               
       1, 1,       1, 1,       
       1, 1,       1, 1,       
                               
             1, 1,             
    1,       1, 1,       1,    
    1, 1,             1, 1,    
       1, 1, 1, 1, 1, 1,       
             1, 1          