Designation: 02-Claire
Outcome: Successful, 100%
Initial Population: 10,000
Generational Iterations: 10,000

Raw Chromosome: [0, 0, 0, 0, 0, 0, 0, 0, 0, 0, 0, 0, 0, 0, 0, 0, 0, 0, 0, 0, 0, 0, 1, 1, 0, 0, 1, 1, 0, 0, 0, 0, 1, 1, 0, 0, 1, 1, 0, 0, 0, 0, 0, 0, 0, 0, 0, 0, 0, 0, 0, 0, 0, 0, 1, 1, 0, 0, 0, 0, 0, 1, 0, 0, 1, 1, 0, 0, 1, 0, 0, 1, 1, 0, 0, 0, 0, 1, 1, 0, 0, 0, 1, 1, 1, 1, 1, 1, 0, 0, 0, 0, 0, 0, 1, 1, 0, 0, 0, 0]

Formatted Chromosome:
[0, 0, 0, 0, 0, 0, 0, 0, 0, 0, 
 0, 0, 0, 0, 0, 0, 0, 0, 0, 0, 
 0, 0, 1, 1, 0, 0, 1, 1, 0, 0, 
 0, 0, 1, 1, 0, 0, 1, 1, 0, 0, 
 0, 0, 0, 0, 0, 0, 0, 0, 0, 0, 
 0, 0, 0, 0, 1, 1, 0, 0, 0, 0, 
 0, 1, 0, 0, 1, 1, 0, 0, 1, 0, 
 0, 1, 1, 0, 0, 0, 0, 1, 1, 0, 
 0, 0, 1, 1, 1, 1, 1, 1, 0, 0, 
 0, 0, 0, 0, 1, 1, 0, 0, 0, 0]


Cleaned Chromosome:
                              
                              
      1, 1,       1, 1,       
      1, 1,       1, 1,       
                              
            1, 1,             
   1,       1, 1,       1,    
   1, 1,             1, 1,    
      1, 1, 1, 1, 1, 1,       
            1, 1,          