Designation: 05-Laura
Outcome: Successful
Initial Population: 1,000
Generational Iterations: 100

Raw Chromosome: [0, 0, 0, 0, 0, 0, 0, 0, 0, 0, 0, 0, 0, 0, 0, 0, 0, 0, 0, 0, 0, 0, 1, 1, 0, 0, 1, 1, 0, 0, 0, 0, 1, 1, 0, 0, 1, 1, 0, 0, 0, 0, 0, 0, 0, 0, 0, 0, 0, 0, 0, 0, 0, 0, 1, 1, 0, 0, 0, 0, 0, 1, 0, 0, 1, 1, 0, 0, 1, 0, 0, 1, 1, 0, 0, 0, 0, 1, 1, 0, 0, 0, 1, 1, 1, 1, 1, 1, 0, 0, 0, 0, 0, 0, 1, 1, 0, 0, 0, 0]

Formatted Chromosome:
[0, 0, 0, 0, 0, 0, 0, 0, 0, 0, 
 0, 0, 0, 0, 0, 0, 0, 0, 0, 0, 
 0, 0, 1, 1, 0, 0, 1, 1, 0, 0, 
 0, 0, 1, 1, 0, 0, 1, 1, 0, 0, 
 0, 0, 0, 0, 0, 0, 0, 0, 0, 0, 
 0, 0, 0, 0, 1, 1, 0, 0, 0, 0, 
 0, 1, 0, 0, 1, 1, 0, 0, 1, 0, 
 0, 1, 1, 0, 0, 0, 0, 1, 1, 0, 
 0, 0, 1, 1, 1, 1, 1, 1, 0, 0, 
 0, 0, 0, 0, 1, 1, 0, 0, 0, 0]

Cleaned Chromosome:
                              
                              
      1, 1,       1, 1,       
      1, 1,       1, 1,       
                              
            1, 1,             
   1,       1, 1,       1,    
   1, 1,             1, 1,    
      1, 1, 1, 1, 1, 1,      
            1, 1,          