Designation: 06
Outcome: Success, 89%
Initial Population: 100
Generational Iterations: 100

Raw Chromosome: [0, 0, 0, 0, 0, 0, 0, 0, 0, 0, 0, 0, 0, 0, 0, 1, 0, 0, 0, 0, 0, 0, 1, 1, 1, 0, 1, 1, 0, 0, 0, 0, 1, 1, 1, 1, 1, 1, 0, 0, 1, 0, 0, 0, 0, 0, 0, 0, 0, 0, 0, 0, 0, 0, 0, 1, 0, 0, 0, 0, 0, 1, 0, 0, 1, 1, 0, 0, 1, 1, 0, 0, 0, 0, 0, 0, 1, 1, 1, 0, 0, 0, 1, 1, 1, 1, 1, 1, 0, 0, 0, 1, 0, 0, 1, 1, 0, 0, 0, 0]

Formatted Chromosome:
[0, 0, 0, 0, 0, 0, 0, 0, 0, 0, 
 0, 0, 0, 0, 0, 1, 0, 0, 0, 0, 
 0, 0, 1, 1, 1, 0, 1, 1, 0, 0, 
 0, 0, 1, 1, 1, 1, 1, 1, 0, 0, 
 1, 0, 0, 0, 0, 0, 0, 0, 0, 0, 
 0, 0, 0, 0, 0, 1, 0, 0, 0, 0, 
 0, 1, 0, 0, 1, 1, 0, 0, 1, 1, 
 0, 0, 0, 0, 0, 0, 1, 1, 1, 0, 
 0, 0, 1, 1, 1, 1, 1, 1, 0, 0, 
 0, 1, 0, 0, 1, 1, 0, 0, 0, 0]

Cleaned Chromosome:
                              
               1,             
      1, 1, 1,    1, 1,       
      1, 1, 1, 1, 1, 1,       
1,                            
               1,             
   1,       1, 1,       1, 1, 
                  1, 1, 1,    
      1, 1, 1, 1, 1, 1,       
   1,       1, 1,          